$SPEC_REM:
PSpect
ID: 
C:\Users\gensan\Desktop\niikura\137Cs_sample.spe
$DATE_MEA:
05/08/2019 18:33:37
$MEAS_TIM:
194 203
$DATA:
0 4095
0
250
259
256
250
244
255
252
285
225
250
261
250
248
242
253
239
246
253
246
240
253
284
266
261
231
257
268
250
242
250
230
266
272
245
243
241
228
256
253
254
238
214
233
265
252
222
247
260
226
260
264
257
247
213
255
250
261
238
243
275
226
242
228
237
246
258
248
223
221
244
279
258
278
250
250
237
245
238
235
240
251
235
227
259
238
229
230
238
221
249
242
251
243
263
255
258
237
244
237
244
222
228
236
257
247
232
266
261
217
236
245
240
226
247
243
266
224
260
235
257
228
219
256
253
248
223
239
289
234
225
246
236
254
246
230
225
245
256
244
265
234
252
242
242
259
242
260
238
231
221
232
254
204
234
250
223
253
242
244
235
259
248
236
249
247
268
209
222
214
234
237
254
229
237
230
232
250
268
254
229
254
232
254
216
225
258
249
223
241
246
218
232
237
232
261
263
240
232
215
240
238
250
229
272
229
245
227
232
231
226
222
255
244
241
246
232
229
254
213
225
263
230
223
271
265
250
227
250
200
239
238
237
253
244
223
203
226
218
224
258
233
246
205
248
220
219
237
254
247
231
219
233
235
238
206
221
250
212
230
238
231
245
237
266
231
200
223
222
245
227
244
248
223
234
216
243
241
229
232
227
237
233
229
227
220
247
231
225
203
213
238
250
231
228
252
238
200
242
232
260
216
230
253
247
249
223
239
214
227
251
241
233
225
263
208
264
236
262
231
244
230
236
230
232
215
230
244
215
251
228
224
222
227
239
200
215
231
237
234
239
211
246
222
245
238
224
223
225
238
231
247
265
225
204
222
215
238
246
212
223
230
214
231
264
221
200
221
209
244
228
217
222
227
206
223
227
230
218
240
199
240
231
229
211
214
225
239
236
220
237
204
234
226
223
210
249
215
200
246
202
193
237
223
226
221
258
219
214
227
235
234
230
239
228
218
242
231
220
239
219
213
257
216
233
213
236
217
237
221
221
229
246
211
211
211
226
214
223
226
234
232
235
219
233
195
256
203
225
230
229
216
245
225
218
213
223
234
219
257
235
215
245
222
237
218
225
224
248
211
248
202
213
221
225
231
244
219
234
203
216
223
206
220
228
217
236
218
245
244
218
218
231
206
238
226
223
240
213
226
196
239
225
221
219
223
219
215
227
232
213
245
235
222
194
208
201
220
226
223
231
198
225
254
227
235
208
225
213
205
228
202
203
206
233
200
215
224
230
207
218
191
226
223
228
214
228
237
199
221
193
209
231
218
241
251
223
193
240
194
209
226
219
227
206
228
230
216
234
213
216
218
222
212
212
229
229
249
206
204
206
216
223
219
217
182
180
203
216
222
238
209
205
209
235
212
203
192
214
211
196
223
214
214
225
211
216
227
215
220
219
195
233
202
193
230
196
204
230
196
218
216
200
186
213
212
208
202
180
236
193
239
206
215
205
198
221
217
215
209
208
197
210
209
197
203
215
212
195
207
193
227
216
211
191
193
207
194
176
192
215
210
199
199
232
192
221
192
211
197
188
215
213
222
201
227
222
220
213
213
233
188
207
217
216
213
205
226
245
211
209
182
215
212
194
173
221
210
204
194
240
212
196
186
223
189
181
196
215
192
227
198
212
196
230
240
202
228
218
191
218
191
209
190
208
182
216
185
238
215
192
243
177
196
196
201
197
225
185
199
205
212
214
200
213
210
173
196
197
209
203
193
203
198
193
213
201
211
178
190
207
181
191
202
211
186
211
197
210
198
197
213
195
217
200
189
200
215
210
228
207
199
217
226
203
207
200
191
195
203
207
206
188
187
204
192
204
188
207
187
198
198
189
187
189
205
220
176
209
210
182
198
201
199
211
205
216
182
189
215
211
234
198
185
187
212
179
210
214
200
201
205
199
184
170
195
186
180
188
183
207
198
217
209
185
189
168
181
186
188
194
182
179
199
207
194
198
203
178
186
193
205
236
193
181
172
192
188
193
153
206
230
183
200
186
185
168
187
213
184
180
211
183
190
199
200
197
184
182
179
177
201
207
198
217
164
183
206
219
212
220
188
199
195
180
231
187
165
186
190
203
178
193
217
188
171
204
182
196
172
195
199
194
198
206
205
203
185
201
189
187
201
222
190
191
184
207
217
196
196
237
187
205
182
173
224
207
226
215
207
203
198
232
257
230
241
246
279
247
301
292
300
293
313
343
335
425
388
410
367
413
418
507
462
481
515
527
562
615
625
637
646
712
713
704
780
770
735
822
861
833
892
894
934
882
904
920
906
912
927
980
966
909
911
916
909
906
901
884
858
790
827
828
808
793
732
689
745
754
703
651
649
598
568
554
558
491
500
460
469
430
423
445
398
402
373
325
330
297
290
307
296
256
245
265
243
221
218
244
223
214
233
209
239
230
176
220
232
190
177
208
190
171
171
183
197
164
190
157
185
173
197
173
184
175
203
182
193
190
197
203
183
193
186
175
199
208
147
155
182
181
160
177
202
181
170
177
193
173
196
188
185
170
187
178
185
178
187
167
189
158
165
174
191
195
185
203
182
176
185
208
166
169
195
179
179
174
198
141
193
183
179
184
165
169
178
177
201
172
172
167
180
176
177
185
166
179
194
176
182
194
185
185
178
188
184
159
160
176
173
176
179
172
189
186
173
153
178
171
193
188
177
187
193
175
178
184
200
173
194
191
149
184
171
171
182
162
199
170
194
191
179
159
184
163
195
178
154
175
169
182
164
152
178
165
175
203
167
198
150
172
203
167
150
178
168
163
183
158
178
189
165
180
157
172
171
170
173
170
158
174
174
145
162
175
180
159
194
171
173
196
182
182
169
183
180
155
153
161
166
184
172
152
169
145
174
163
154
193
167
172
162
167
187
170
154
185
173
161
159
196
181
163
164
152
153
178
168
142
184
172
135
156
153
179
178
171
163
144
172
153
168
172
193
172
153
174
182
154
160
172
173
181
176
161
161
185
146
174
151
177
173
178
161
176
165
152
176
152
167
172
177
180
176
183
172
155
170
200
157
157
172
161
160
193
185
152
193
188
138
165
187
154
170
159
178
149
165
174
165
160
168
162
159
178
178
170
177
157
173
170
181
132
178
178
166
160
154
177
157
135
157
171
148
164
149
172
160
144
163
166
184
147
158
171
178
185
165
176
151
176
160
164
145
169
169
172
162
174
154
167
169
167
173
180
156
169
165
150
162
161
187
155
154
163
189
168
147
160
165
168
159
168
162
172
159
159
162
144
162
138
140
162
186
161
145
143
165
135
150
165
154
154
160
143
178
153
172
163
172
147
162
145
168
149
154
149
155
161
162
162
168
164
163
150
154
165
147
149
176
161
144
172
147
158
128
137
170
153
138
173
193
137
148
165
176
145
140
145
164
154
182
152
169
159
166
124
174
169
162
158
147
163
163
142
164
151
132
172
152
146
149
142
158
189
162
146
143
151
171
171
130
162
175
160
164
149
133
142
159
148
162
150
163
157
169
135
161
160
164
164
162
144
137
164
129
152
164
144
132
170
158
157
147
163
152
178
152
159
171
132
161
146
144
152
154
140
132
153
145
141
166
156
162
137
119
156
153
153
161
145
151
149
140
135
135
158
133
140
147
138
178
146
136
131
149
149
119
170
138
154
148
132
134
149
145
147
132
138
180
163
147
146
128
156
129
155
156
147
136
152
149
158
141
157
153
162
131
141
154
143
163
138
150
153
155
155
147
132
141
149
160
147
131
161
175
160
140
134
136
150
179
131
144
158
142
137
147
147
144
151
166
114
145
131
144
141
153
147
149
162
161
145
139
174
146
139
116
142
144
147
154
161
153
148
148
133
151
162
154
153
138
159
137
142
170
141
111
147
139
145
146
153
147
150
140
147
140
156
150
134
157
137
149
145
142
134
141
154
137
141
137
132
149
153
134
148
151
148
130
163
168
150
138
133
136
165
121
151
132
137
141
143
156
140
152
130
139
124
143
143
158
152
166
146
156
144
164
117
134
140
149
137
137
137
132
125
146
146
123
144
123
140
136
148
138
131
144
131
138
156
154
133
148
152
137
156
112
140
128
126
147
127
134
145
116
132
162
142
147
170
139
142
149
137
123
147
131
149
131
118
129
145
139
140
141
146
155
149
153
134
131
146
142
137
120
127
133
133
124
128
142
126
137
119
143
141
123
128
136
133
131
123
135
141
114
159
123
136
140
136
141
141
138
145
147
143
130
130
136
145
158
133
130
129
161
140
129
134
110
146
133
140
146
125
141
120
121
123
123
113
119
125
133
131
121
146
128
153
149
132
138
155
131
127
126
133
129
127
134
145
117
133
139
138
146
137
140
129
134
135
136
137
101
118
136
123
138
141
141
134
139
138
149
125
122
141
120
144
114
137
140
114
126
138
146
122
146
136
147
130
121
122
138
106
132
119
116
126
106
143
134
134
151
111
129
124
119
133
131
143
126
120
131
140
115
126
121
120
127
136
149
125
134
129
133
157
122
129
123
137
95
130
121
124
130
141
127
112
141
128
119
132
110
107
121
123
135
110
109
138
125
143
133
129
124
132
122
134
138
135
132
116
115
135
138
125
134
126
115
116
113
123
122
117
115
104
124
112
131
136
121
130
154
107
131
112
123
133
120
124
133
129
124
120
122
122
114
143
120
134
140
111
100
132
111
124
128
127
135
116
122
128
121
120
125
121
108
117
115
135
123
114
126
121
134
118
131
117
130
134
124
125
115
135
118
118
130
121
116
120
133
150
123
120
119
119
123
118
129
118
103
103
122
123
117
93
114
125
130
125
102
109
124
112
125
113
123
126
107
132
115
115
125
115
133
108
121
126
113
114
112
107
117
91
119
105
118
117
122
126
122
115
132
107
99
94
109
118
126
110
105
114
110
132
117
123
126
107
110
97
119
123
121
115
111
120
137
101
113
107
129
113
108
105
117
117
130
119
118
144
93
121
122
119
108
96
102
123
132
106
106
111
122
105
114
107
114
114
121
105
101
98
117
101
108
115
103
118
104
108
109
121
113
130
107
116
115
110
116
108
90
110
125
118
107
107
108
117
113
114
101
121
92
101
116
102
114
103
116
97
98
106
107
101
111
98
112
104
112
93
125
104
116
108
113
103
113
102
115
113
105
88
90
120
115
137
125
104
110
105
106
124
91
114
113
90
111
93
103
98
105
95
93
100
114
90
122
101
105
96
121
106
123
94
117
108
114
102
112
99
107
112
113
101
125
103
120
88
99
111
107
113
89
94
106
100
98
97
93
110
94
102
103
107
126
102
107
100
100
110
109
123
108
99
99
105
100
117
130
111
103
119
100
114
121
100
98
97
109
92
100
100
96
101
95
118
108
91
141
96
97
93
97
107
98
113
113
99
104
114
89
106
107
97
95
98
107
105
98
97
93
100
108
94
110
95
95
95
101
88
101
114
105
103
93
89
109
100
104
103
100
115
105
96
86
96
96
100
95
108
102
81
91
94
100
89
103
106
97
94
109
91
108
108
94
107
103
88
99
98
98
93
93
87
96
109
111
97
93
87
86
94
101
95
108
105
92
81
76
99
109
90
101
103
104
84
90
98
115
87
86
98
94
105
97
112
92
99
82
85
96
75
90
84
90
102
95
80
96
106
102
98
111
96
89
103
89
97
105
91
111
103
95
70
89
101
89
94
92
95
84
79
91
106
92
85
80
95
85
84
106
93
92
81
99
105
89
104
91
102
93
95
95
91
86
97
88
96
102
102
89
76
95
82
90
100
107
107
89
85
98
100
79
93
94
101
105
104
84
95
91
83
92
100
91
94
94
76
82
110
81
96
86
100
95
101
107
99
75
84
78
90
100
92
94
85
69
91
87
82
88
79
90
103
83
90
77
81
81
84
88
89
78
75
104
76
90
79
89
83
82
84
88
97
75
96
93
89
71
88
82
83
83
89
102
86
87
71
74
85
76
82
88
90
97
84
91
89
88
99
86
72
82
88
92
83
91
76
79
79
92
92
96
85
95
89
85
71
83
74
90
78
94
95
70
84
72
81
85
96
80
78
99
93
94
50
79
91
94
89
71
87
81
90
87
91
92
92
98
84
82
72
63
94
86
77
92
75
78
79
66
87
71
102
94
78
78
83
103
99
85
83
71
86
80
89
86
82
66
85
76
61
75
80
80
83
89
90
77
77
84
86
84
53
76
68
69
75
82
76
86
67
72
75
75
86
68
74
68
60
87
71
84
93
75
78
72
69
79
82
80
86
85
57
77
70
70
75
76
69
80
67
74
69
85
94
74
75
63
85
88
88
72
88
62
59
87
75
65
94
63
63
88
78
90
80
78
83
86
66
70
69
71
76
71
68
61
78
101
77
80
74
91
59
63
70
72
77
81
64
66
95
85
83
64
73
69
65
72
75
73
85
64
77
72
80
82
55
71
62
63
72
85
70
72
78
64
73
66
77
76
67
70
78
62
56
85
66
76
59
57
57
85
69
71
76
52
71
62
74
68
62
73
71
62
62
78
60
57
71
82
77
81
61
84
67
62
94
66
65
69
75
68
63
84
75
59
65
72
76
80
73
70
68
60
68
75
62
74
65
75
66
84
72
68
66
65
63
55
78
66
73
68
67
65
62
60
87
55
62
60
74
63
78
71
73
59
67
80
54
60
60
69
77
73
55
64
61
87
63
60
71
72
68
64
66
81
50
58
91
70
58
62
56
65
60
63
69
52
62
59
68
62
63
65
65
58
54
62
71
72
63
59
69
61
64
71
59
76
58
58
59
63
74
61
73
61
64
55
67
68
68
56
68
75
60
55
71
75
67
62
59
56
61
66
55
58
51
46
77
49
65
62
59
61
64
59
65
72
61
54
73
62
58
53
64
45
67
50
53
62
52
59
57
63
59
59
68
56
57
52
39
74
51
58
53
68
59
47
59
59
66
52
69
66
59
60
51
57
63
64
55
58
69
60
60
61
60
46
59
63
53
60
67
54
56
77
55
57
68
56
59
53
56
69
60
62
60
59
54
69
57
55
60
67
57
54
55
67
49
69
50
45
50
60
51
49
62
52
67
65
61
68
61
56
56
65
68
54
60
42
53
77
53
64
46
57
53
51
50
65
57
63
57
53
62
48
40
52
57
59
55
50
39
48
59
42
53
69
41
66
58
48
48
39
58
58
59
48
46
46
59
49
42
53
61
40
56
43
45
51
55
58
64
56
46
42
38
53
34
46
40
47
50
38
41
49
67
52
44
36
64
48
44
49
47
43
52
46
48
42
47
47
48
51
48
60
55
55
50
62
45
47
42
42
45
37
38
57
56
33
54
45
48
52
60
36
52
70
64
59
51
46
51
50
42
46
59
51
45
44
50
42
55
35
49
56
37
45
52
59
42
42
57
52
35
32
37
50
36
49
56
32
36
55
55
44
37
58
55
41
39
49
28
51
41
61
53
50
49
42
42
45
32
40
55
30
48
56
37
46
45
46
46
49
42
48
45
45
54
55
33
37
40
47
36
44
46
32
40
43
31
40
48
45
50
43
43
51
46
40
40
46
36
47
39
35
46
50
50
41
32
46
40
52
40
43
40
47
39
36
32
36
39
42
49
37
40
56
36
43
44
44
54
43
39
43
43
42
43
41
39
43
49
37
36
29
37
56
32
28
44
48
53
39
39
31
39
31
34
44
37
26
35
25
35
33
35
38
42
45
41
33
39
32
49
43
38
53
40
34
51
41
35
39
27
30
39
41
31
43
34
32
40
38
28
27
36
36
28
37
35
30
34
30
46
38
33
34
24
43
35
47
38
38
29
36
22
35
32
30
33
38
30
32
35
31
34
33
30
27
26
28
29
32
37
30
36
35
29
23
33
41
26
28
28
27
35
23
26
26
34
38
31
36
39
40
39
33
33
29
22
23
33
39
32
35
29
39
22
37
30
31
25
30
32
32
39
22
35
30
31
25
28
27
23
36
31
37
35
20
36
33
34
32
42
32
26
25
25
26
27
28
29
33
37
31
30
27
31
28
32
28
29
26
24
41
31
36
27
33
24
22
21
41
29
30
21
28
30
27
23
27
33
22
30
35
32
25
23
23
23
19
24
27
33
24
30
26
32
36
23
19
17
32
28
28
24
36
21
22
22
28
27
21
32
24
23
22
27
26
26
29
28
21
23
20
23
22
20
32
26
22
22
25
21
30
26
24
18
23
28
24
22
22
23
16
27
26
22
18
29
32
28
31
18
22
30
31
25
19
28
22
23
27
21
28
28
16
23
29
34
21
24
15
25
21
21
21
18
15
23
25
25
31
28
14
20
17
28
26
24
22
27
19
23
23
23
17
19
20
15
23
20
23
17
21
15
17
23
26
24
20
23
18
14
20
21
18
22
14
22
21
19
27
19
15
15
15
22
18
15
18
16
19
21
27
16
20
19
23
24
12
16
13
17
14
26
15
18
16
21
18
14
16
21
13
19
21
15
14
15
16
16
21
14
16
16
20
13
23
21
17
19
13
18
18
23
15
12
11
19
12
12
15
12
15
11
13
21
14
13
11
12
11
17
12
10
16
6
15
14
18
16
21
16
12
14
14
13
15
12
19
16
18
14
12
19
12
12
18
14
18
14
9
21
10
9
10
11
16
12
10
7
14
10
20
13
14
11
15
11
17
12
13
12
9
13
17
8
9
13
15
12
8
4
9
12
16
17
8
8
9
10
12
6
11
7
9
10
11
15
5
10
10
6
8
10
14
10
7
14
11
9
6
8
10
7
16
10
6
5
10
8
9
16
8
7
11
10
5
8
6
9
5
3
11
9
8
5
7
9
3
5
9
6
10
8
3
3
5
10
13
11
13
7
7
9
7
3
7
4
8
6
8
2
7
7
5
4
6
3
3
6
7
5
8
2
7
10
5
6
5
4
5
4
11
4
5
4
2
7
8
1
3
4
4
3
1
1
5
4
5
3
5
2
6
2
3
2
4
5
1
1
3
1
1
1
1
4
1
1
2
2
3
2
2
1
3
0
7
4
1
1
5
0
6
1
2
0
2
2
1
0
1
2
0
1
1
0
0
0
0
2
1
0
0
0
1
0
0
0
0
0
0
0
0
0
0
0
0
0
0
0
0
0
0
0
0
0
0
0
0
0
0
0
0
0
0
0
0
0
0
0
0
0
0
0
0
0
0
0
0
0
0
0
0
0
0
0
0
0
0
0
0
0
0
0
0
0
0
0
0
0
0
0
0
0
0
0
0
0
0
0
0
0
0
0
0
0
0
0
0
0
0
0
0
0
0
0
0
0
0
0
0
$ENER_FIT:
0 1
$ENER_DATA:
0
